110020
111720
110000
110800
111700
113400
114200
110100
110900
111800
112500
113500
110200
111000
111900
112800
112700
113600
113700
114400
114500
114300
110300
110400
111200
111300
112200
112000
112600
112900
113000
113800
113900
115000
114700
114900
114800
110600
110500
110700
111400
111500
111600
112100
112300
112400
113100
113200
114000
114100
115200
115100
102420
106420
100000
101200
102400
103600
104800
106300
106400
106500
106000
106200
100100
101300
102600
103800
104900
106600
106700
106900
107100
107200
100300
100400
101500
101600
102800
102900
103900
104000
105100
105200
107300
108100
107500
107600
108300
107700
108400
107800
108200
107900
100600
100700
100800
101800
101900
102000
103000
103100
103200
104200
104300
104400
105400
105500
105600
108500
108600
108700
108800
108900
100900
101000
101100
102100
102200
102300
103300
103400
103500
104500
104600
104700
105700
105800
105900
109000
109100
109300
109200
109400
109500
109600
109700
109900
109800
90120
95120
90000
90100
91700
91800
93400
93500
95100
95200
96800
96900
90200
90300
92000
91900
93600
93700
95300
95400
97000
97100
90400
90500
90600
90700
92100
92300
92200
92400
93800
93900
94000
94100
95500
95600
95700
95800
97200
97300
97400
97500
90900
90800
91000
91100
92500
92600
92700
92800
94200
94300
94400
94500
95900
96000
96100
96200
97600
97700
97900
97800
91200
91300
91400
91500
91600
92900
93000
93200
93100
93300
94600
94700
94800
94900
95000
96300
96400
96600
96500
96700
98000
98100
98200
98300
98400
80020
83420
80000
80100
81700
81800
83400
83500
85200
85100
86800
86900
80200
80300
82000
81900
83700
83600
85400
85300
87100
87000
80400
80600
80900
80700
82400
82300
82200
82100
84100
84000
83800
84200
85800
85700
86100
85500
87400
87500
87300
87200
80500
80800
81000
81100
83200
82800
82700
82600
83900
84500
84400
84300
86200
85600
86000
85900
87900
87800
87700
87600
81200
81300
81400
81500
81600
83300
83000
83100
82500
82900
85000
84700
84800
84900
84600
86700
86600
86500
86400
86300
88400
88100
88300
88200
88000
74220
77220
70000
71400
72800
74200
75600
77000
77400
77100
77200
77300
70100
71500
72900
74300
76000
77500
77900
77600
77700
77800
70200
70300
70400
70500
71600
71700
71800
71900
73000
73100
73200
74100
74400
74500
74600
74700
75700
75900
75800
76100
70600
70700
70800
72000
72100
72200
73500
73300
73600
74900
75000
75500
76200
76300
76400
78000
78400
78100
78200
78300
70900
71000
71100
71200
71300
72300
72400
72500
72600
72700
73400
73700
73800
74000
73900
75100
75300
75200
74800
75400
76500
76700
76600
76800
76900
66020
66320
60000
61200
62400
63600
64800
66000
66100
66200
66300
66400
60100
61300
62500
63700
64900
66500
66600
66700
66800
66900
60200
60300
60400
61500
61400
61600
62600
62700
62800
63800
63900
64000
65100
65000
65200
67000
67100
67200
67300
67400
60500
60600
60700
61700
61800
61900
62900
63000
63100
64100
64200
64300
65300
65400
65500
67500
67600
67700
67800
67900
60800
60900
61000
61100
62000
62100
62200
62300
63200
63300
63400
63500
64400
64500
64700
64600
65600
65700
65800
65900
68000
68100
68200
68300
68400
56120
56220
50000
51200
52400
53700
53600
54800
56000
56300
56100
56200
50300
51300
52500
53800
54900
56400
56500
56600
56700
56800
50500
50200
50100
51500
51400
51600
53100
52700
39100
53900
54000
55100
55000
55200
57000
57400
57100
56900
57200
57300
50600
50400
50700
51800
51700
51900
52600
53000
52900
54200
54100
54300
55400
42900
55500
57600
57800
57500
57900
57700
51100
51000
50800
50900
52300
52200
52100
52000
53400
53300
53200
53500
54700
54600
54400
54500
55900
55800
55600
55300
58100
58400
58200
58300
58000
40220
41820
35100
35000
36700
36900
38500
38400
40200
40100
41900
41800
35300
35200
36800
37000
38700
38600
40400
40300
42100
42000
35700
35600
35400
35500
37300
37200
37100
37400
39400
38900
38800
39000
40700
40600
40500
40800
42300
42200
42500
42400
35900
35800
36000
36100
37700
37600
37500
37800
39500
39300
39200
52800
41100
41000
40900
41200
42800
42700
42600
43000
36500
36400
36200
36300
36600
38200
38100
38000
37900
38300
39900
39800
39600
39700
40000
41600
41500
41400
41300
41700
43300
43200
55700
43100
43400
6420
10720
15120
19320
24020
6400
6300
6200
6100
10800
10700
10600
10900
15100
15000
14900
15200
19600
19500
19400
19300
24000
23900
23800
23700
6900
6800
6700
6600
6500
7000
11300
11200
10500
11100
11000
11400
15700
15500
15600
15300
15400
15800
20100
20000
19800
19900
19700
20200
24500
24200
24400
24300
24100
24600
7700
7600
7500
7300
7200
7400
7100
8000
7800
7900
11900
12000
11800
11600
11700
11500
12400
12200
12300
12100
16600
16500
16300
16400
16200
16100
16000
15900
16800
16700
20800
20700
20500
20600
20400
20300
21200
21100
21000
20900
25500
25400
25300
25200
25100
25000
24900
24700
24800
25600
8500
8600
8700
8400
8300
8200
8100
8900
9000
8800
13200
13000
12900
12800
13100
12700
12600
12500
13400
13300
17600
17400
17500
17300
17200
17000
17100
16900
17800
17700
21900
22000
22100
21700
21800
21500
21300
21400
21600
22200
26200
26300
26000
26100
25900
25800
25700
26600
26500
26400
10200
10100
10300
9900
9600
10000
9700
9800
9300
9200
9400
9500
9100
10400
14700
14600
14200
14400
14500
14300
14000
14100
13900
13800
13600
13700
13500
14800
19000
18800
18900
18300
18400
18500
18700
18600
18100
18200
18000
17900
19200
19100
23400
23300
23200
22900
23100
23000
22700
22600
22800
22500
22400
22300
23600
23500
27900
27800
27700
27400
27600
27500
27200
27000
27300
27100
26700
26900
26800
28000
1200
900
800
600
500
700
400
200
300
100
1100
1000
2400
2100
2000
1900
1800
1500
1700
1600
1400
1300
2300
2200
3600
3300
3200
3100
3000
2900
2700
2800
2600
2500
3500
3400
4800
4500
4400
4300
4200
4100
3900
3800
4000
3700
4700
4600
6000
5700
5500
5400
5600
5300
5100
5200
5000
4900
5900
5800
115300
115400
115500
115800
115600
115700
99000
98600
98900
98500
98700
98800
88600
88500
79000
78700
78800
78900
78500
78600
69200
68500
69100
68600
68700
68800
68900
69000
29300
58500
29200
29100
43500
43600
43700
29400
28100
28400
28500
28200
28300
